1 09/08/2010 17:16:00.4 55418.21421 0.98790 -23.4
2 09/08/2010 17:30:52.8 55418.22554 0.99788 -22.4
3 09/08/2010 17:43:16.9 55418.23415 0.00546 -22.8
4 09/08/2010 17:53:54.9 55418.24153 0.01196 -25.5
5 09/08/2010 18:10:44.6 55418.25322 0.02225 -29.4
6 09/08/2010 18:21:53.0 55418.26095 0.02906 -36.2
7 09/08/2010 18:36:09.8 55418.27087 0.03779 -43.2
8 10/08/2010 17:17:22.4 55419.21619 0.86998 -15.3 -239.9
9 10/08/2010 17:34:49.0 55419.22830 0.88064 -14.7 -210.0
10 10/08/2010 17:45:49.0 55419.23594 0.88736 -13.3
11 10/08/2010 17:59:55.1 55419.24573 0.89599 -16.1
12 10/08/2010 18:10:55.4 55419.25337 0.90271 -15.0 -200.4
13 10/08/2010 18:20:04.6 55419.25973 0.90831 -16.8 -178.1
14 09/12/2010 11:19:10.0 55539.97520 0.17732 -63.2 144.9
15 09/12/2010 11:55:17.2 55540.00029 0.19941 -65.2 156.8
16 09/12/2010 12:23:13.3 55540.01969 0.21649 -65.5 163.3
17 09/12/2010 12:56:07.4 55540.04254 0.23660 -66.2 169.7
18 09/12/2010 13:26:00.3 55540.06330 0.25487 -67.5 172.6
19 09/12/2010 13:55:11.8 55540.08357 0.27272 -66.2 173.1
20 09/12/2010 14:19:50.1 55540.10068 0.28778 -66.4 174.3
21 09/12/2010 14:53:20.8 55540.12395 0.30827 -66.4 171.9
22 13/12/2010 10:18:39.8 55543.93337 0.66180 -13.5
23 13/12/2010 11:30:07.3 55543.98300 0.70549 -12.4 -247.4
24 13/12/2010 12:23:41.2 55544.02020 0.73824 -10.7 -253.3
25 13/12/2010 13:03:43.9 55544.04801 0.76272 -10.6 -257.1
26 13/12/2010 13:31:05.0 55544.06700 0.77944 -9.6 -260.3
27 13/12/2010 13:54:07.0 55544.08300 0.79352 -10.5 -260.7
28 13/12/2010 14:16:46.1 55544.09873 0.80737 -10.2 -257.8
29 13/12/2010 14:33:18.1 55544.11021 0.81748 -10.5 -244.4
30 15/12/2020 09:22:21.9 55545.89436 0.38811 -60.8 134.2
31 15/12/2020 09:52:03.3 55545.91498 0.40626 -58.9 119.9
32 15/12/2020 10:26:40.0 55545.93902 0.42742 -53.8 101.9
33 17/12/2010 10:06:20.6 55547.92498 0.17572 -63.3 141.1
34 17/12/2010 12:12:01.3 55548.01226 0.25255 -66.2 185.6
35 17/12/2010 12:47:33.7 55548.03694 0.27428 -66.9
36 17/12/2010 13:50:40.2 55548.08077 0.31287 -65.6 180.9